5 0 0 0 0
8 0 0 0 0
8 1 0 0 0
10 2 0 0 0
10 0 1 0 0
10 1 0 0 0
10 2 0 0 0
10 3 0 0 0
15 0 0 0 0
10 3 2 0 0
10 0 1 0 0
10 2 1 0 0
15 0 1 0 0
10 0 2 0 0
10 0 3 0 0
10 10 1 0 0
15 0 2 0 0
20 0 0 0 0
15 3 1 0 0
20 0 3 1 0
30 5 1 0 0
25 5 2 0 0
25 0 3 0 0
20 10 1 0 0
20 5 0 2 0
20 10 0 1 0
25 10 0 1 0
40 0 0 1 0
0 30 0 2 0
0 0 5 3 0
60 0 0 0 0
30 10 5 0 0
30 0 3 1 0
30 0 5 1 0
50 0 0 3 1
60 10 0 5 0
0 0 0 10 0
0 50 0 0 0
40 10 0 0
50 0 10 5 2
50 10 10 0 1
70 0 20 0 0
70 10 5 5 0
50 10 10 10 1
33 33 3 3 3
80 0 30 0 0
80 0 0 20 0
0 75 0 10 0
90 0 0 0 3
100 0 0 0 10